00100001101100000000011000001000010001000110001000
00110000000000000000001100100100001110000000000100
01001001100000000000101101100100000000000000000100
10010000100000000010001000100000000000000000000011
00100000000000000000011000110000000000000100000011
01010000000000000000010110001111000011101100000011
00000000100000001001010101111010000100011000000010
00111111100000000000101000110000000001100000011000
00110000000000000000000000000000000000110000010000
11000000000000001010000000101000000000001000001101
00110000110000010100000000100100000000011000000001
00011100110000011000000000110000000000010000000000
01001001100000011000000000001110000111000000001000
01011001000000000000100000000000001101000000001110
01111000000000000000110000110000111001100000000100
10010111000000000101110010110111110010000000000000
01110000000000001110000010100000101000000000000000
00100000000000000101110010010000011000000000000000
00000000001110000000100000011100011000000000001100
00000000100110100000000000000000001011100000000010
00000000111000010001100000000000010101100000010000
00000000010000110100000100000000100110000000011100
00000000000000101001000100000000011100000000000000
00000000000000000000010000000000001000000000000000
00001100000000000000000000000000100000000000100111
00001110000000000000000010000000111000000000110110
00000100100000000000001001000000000000000000001001
00000111110100000000001010000000001001000000110000
00000110000011000000000100000000000000111100000000
00000111000010101000000000000010100000100000110100
00000100000100000000000000000101000011000010011100
00000011000000000100011000000100000110001010000000
00000000000001001100011000000000001000000100000000
00000000000001001011011100000001000000000000000000
00000000000000110001001100100000000010000000001000
11010000110000010001000100110001000111000000010000
10000111010000000001000000000011000001000000001000
00000010000000001001000011000100001010100000000001
00000010000100010011000000000111001010110000000001
00000100000000111011000000000000000100110000001000
11000000100100100011000000000000001100010000000000
00100100100111000111000000000000001111100000000100
00000000000110001001000000000000001101000000000100
11001100010001000000000000000000000000101001110010
11001000111011000000000000000000000001001010110110
00001011001000010000000000000000000001010001010000
00001010000110010000000000000100000001100011101001
00000100001110010000101000000110000000001010110100
00000000011000000000100100000110000111000011001100
01000000101000000000101000000000010000011011001100
