00000000000000000000000010000000000000000000000000
00000000000000000000000100100000000000000000000000
00000000000000000000001100110000000000000000000000
00000000000000000000100000000000000000000000000000
00000000000000000000001001000000000000000000000000
00000000000000000000110010000000000000000000000000
00000000000000000000000100000000000000000000000000
00000000000000000000100000000000000000000000000000
00000000000000000000111000000000000000000000000000
00000000000000000000100000000000000000000000000000
00000000000000000000100110000000000000000000000000
00000000000000000000100010000000000000000000000000
00000000000000000000001100000000000000000000000000
